
 493
 493
 493
 494
 493
 493
 493
 493
 493
 493
 493
 493
 493
 493
 493
 493
 493
 493
 493
 493
 493
 493
 493
 493
 493
 493
 493
 493
 493
 493
 493
 493
 493
 493
 493
 493
 493
 493
 493
 493
 493
 493
 493
 493
 493
 493
 493
 493
 493
 493
 493
 493
 493
 493
 493
 492
 493
 493
 493
 493
 493
 493
 493
 493
 497
 499
 492
 492
 493
 493
 493
 492
 492
 493
 493
 496
 504
 503
 505
 491
 501
 517
 527
 524
 526
 544
 515
 479
 513
 542
 491
 546
 541
 519
 473
 481
 585
 538
 436
 510
 582
 465
 482
 744
 498
 418
 464
 516
 558
 448
 493
 499
 500
 500
 502
 498
 496
 486
 480
 462
 466
 454
 472
 437
 435
 434
 430
 416
 418
 426
 416
 412
 415
 418
 416
 416
 419
 420
 423
 425
 426
 430
 427
 433
 434
 441
 432
 436
 439
 446
 456
 461
 467
 473
 477
 480
 483
 491
 494
 483
 496
 490
 491
 490
 493
 494
 498
 498
 500
 501
 506
 512
 502
 507
 500
 508
 517
 502
 508
 516
 515
 517
 515
 512
 521
 527
 507
 502
 506
 508
 516
 509
 506
 509
 509
 509
 507
 509
 519
 512
 500
 503
 511
 504
 502
 504
 505
 505
 505
 506
 512
 518
 490
 500
 503
 504
 521
 526
 479
 497
 498
 506
 537
 499
 481
 500
 534
 484
 492
 497
 499
 506
 511
 492
 512
 546
 491
 478
 498
 494
 498
 526
 522
 508
 512
 504
 613
 438
 471
 500
 570
 481
 475
 489
 496
 499
 501
 507
 496
 497
 498
 503
 495
 501
 518
 486
 538
 463
 469
 469
 464
 463
 462
 456
 451
 457
 454
 453
 453
 453
 455
 459
 454
 464
 472
 478
 483
 481
 484
 487
 492
 495
 488
 492
 494
 498
 494
 496
 499
 499
 503
 502
 501
 502
 509
 511
 503
 508
 509
 501
 504
 505
 506
 508
 508
 504
 506
 510
 515
 500
 516
 495
 502
 504
 506
 505
 503
 505
 505
 506
 506
 502
 505
 508
 507
 499
 502
 500
 500
 500
 501
 501
 501
 501
 502
 507
 502
 494
 503
 510
 489
 493
 494
 493
 492
 491
 490
 490
 490
 490
 493
 491
 485
 487
 491
 487
 491
 492
 487
 490
 490
 490
 493
 502
 494
 482
 498
 488
 491
 492
 492
 492
 491
 492
 502
 495
 487
 490
 492
 496
 494
 490
 494
 539
 490
 491
 498
 500
 502
 503
 503
 507
 530
 521
 490
 506
 501
 503
 505
 513
 507
 498
 532
 501
 489
 497
 497
 509
 513
 495
 501
 501
 538
 491
 486
 511
 509
 477
 516
 520
 510
 500
 481
 484
 489
 503
 495
 490
 522
 503
 477
 497
 509
 490
 488
 499
 507
 483
 492
 490
 491
 491
 485
 477
 473
 469
 468
 463
 465
 459
 458
 456
 456
 456
 455
 455
 458
 453
 456
 456
 458
 458
 463
 470
 473
 479
 484
 483
 487
 490
 495
 487
 492
 494
 495
 497
 500
 497
 499
 500
 503
 501
 504
 504
 503
 507
 504
 504
 505
 508
 505
 505
 506
 507
 509
 506
 508
 517
 499
 505
 507
 510
 507
 507
 507
 507
 507
 507
 507
 510
 509
 511
 503
 505
 505
 504
 503
 504
 504
 504
 506
 502
 503
 503
 503
 503
 513
 504
 492
 503
 499
 498
 499
 498
 497
 496
 495
 494
 495
 494
 497
 491
 483
 488
 489
 490
 490
 490
 490
 489
 490
 489
 492
 488
 487
 492
 496
 481
 491
 492
 489
 490
 491
 491
 491
 490
 493
 490
 489
 492
 490
 492
 492
 489
 489
 491
 491
 493
 490
 491
 492
 492
 492
 491
 490
 493
 493
 489
 491
 492
 492
 492
 491
 492
 492
 492
 492
 492
 492
 492
 493
 493
 496
 493
 489
 492
 492
 492
 501
 495
 491
 493
 493
 494
 494
 494
 494
 494
 494
 494
 494
 494
 494
 495
 495
 494
 494
 495
 492
 493
 493
 493
 493
 494
 496
 505
 493
 491
 492
 493
 494
 494
 494
 493
 494
 494
 493
 493
 493
 493
 493
 493
 492
 492
 492
 492
 492
 492
 492
 492
 492
 492
 492
 493
 492
 492
 493
 494
 491
 492
 492
 492
 492
 493
 492
 493
 493
 493
 493
 495
 496
 496
 496
 496
 495
 494
 493
 493
 495
 498
 508
 500
 498
 499
 491
 491
 492
 493
 495
 496
 497
 494
 496
 498
 493
 492
 492
 492
 492
 492
 492
 492
 494
 491
 492
 494
 498
 501
 505
 510
 516
 525
 536
 542
 545
 550
 548
 548
 548
 548
 549
 549
 547
 544
 542
 541
 536
 530
 527

