 492
 491
 492
 492
 492
 492
 492
 492
 492
 492
 492
 492
 492
 492
 491
 492
 492
 492
 492
 492
 492
 491
 492
 492
 492
 492
 491
 491
 492
 492
 492
 492
 491
 492
 492
 492
 492
 492
 492
 492
 492
 492
 492
 492
 492
 492
 492
 492
 492
 492
 492
 492
 492
 492
 492
 492
 492
 492
 491
 491
 491
 491
 491
 492
 492
 491
 491
 491
 491
 491
 491
 491
 491
 492
 492
 491
 491
 491
 492
 491
 491
 491
 490
 492
 491
 491
 491
 491
 491
 491
 491
 491
 491
 491
 490
 490
 491
 491
 491
 491
 491
 492
 491
 491
 491
 491
 491
 491
 491
 491
 491
 491
 491
 491
 491
 491
 492
 491
 491
 491
 491
 491
 491
 491
 491
 491
 491
 491
 490
 490
 490
 491
 491
 491
 491
 491
 491
 491
 490
 490
 490
 490
 491
 490
 490
 490
 490
 490
 490
 490
 490
 490
 490
 490
 490
 490
 490
 490
 490
 490
 492
 494
 490
 488
 493
 495
 488
 487
 489
 490
 490
 490
 490
 496
 496
 488
 487
 489
 490
 491
 505
 482
 487
 516
 510
 480
 490
 492
 500
 494
 488
 495
 526
 494
 483
 491
 500
 495
 487
 488
 498
 533
 511
 492
 483
 482
 498
 542
 532
 481
 538
 534
 451
 511
 545
 546
 501
 474
 476
 751
 388
 396
 549
 671
 416
 394
 555
 624
 422
 446
 712
 452
 434
 617
 601
 349
 485
 555
 561
 394
 496
 532
 483
 491
 479
 512
 474
 412
 475
 503
 445
 445
 442
 466
 430
 426
 425
 477
 362
 379
 379
 376
 373
 371
 371
 372
 373
 360
 351
 355
 356
 364
 374
 382
 383
 395
 407
 409
 395
 407
 414
 418
 421
 426
 430
 434
 435
 439
 441
 448
 453
 454
 458
 463
 468
 471
 473
 473
 477
 479
 482
 482
 498
 495
 483
 480
 485
 490
 491
 493
 493
 495
 494
 498
 506
 519
 492
 499
 492
 500
 496
 498
 501
 502
 503
 504
 505
 508
 505
 505
 509
 530
 500
 503
 513
 517
 521
 521
 524
 525
 526
 527
 528
 528
 529
 530
 532
 535
 539
 543
 547
 549
 550
 551
 549
 548
 549
 551
 553
 556
 567
 535
 547
 548
 543
 559
 540
 532
 538
 539
 539
 563
 525
 532
 535
 520
 524
 528
 527
 539
 512
 515
 520
 529
 505
 501
 506
 545
 518
 480
 496
 500
 500
 500
 506
 508
 509
 496
 485
 525
 480
 485
 515
 506
 513
 458
 474
 499
 513
 476
 542
 493
 481
 466
 523
 475
 471
 457
 483
 495
 496
 503
 523
 484
 544
 434
 483
 537
 458
 481
 494
 512
 527
 464
 531
 471
 483
 491
 534
 527
 468
 485
 514
 466
 485
 504
 533
 464
 494
 494
 510
 483
 487
 521
 486
 472
 480
 506
 483
 486
 474
 484
 490
 468
 471
 485
 479
 473
 483
 509
 493
 455
 504
 480
 461
 463
 474
 479
 490
 470
 472
 487
 500
 476
 466
 499
 535
 430
 455
 498
 593
 405
 466
 485
 580
 407
 464
 514
 499
 406
 506
 513
 461
 440
 490
 485
 465
 469
 515
 436
 465
 567
 398
 501
 407
 500
 542
 409
 469
 472
 692
 376
 468
 543
 430
 465
 494
 481
 495
 404
 490
 553
 443
 435
 494
 449
 493
 456
 482
 487
 481
 442
 461
 494
 495
 462
 462
 480
 461
 467
 473
 450
 461
 461
 465
 497
 480
 457
 489
 476
 424
 497
 448
 461
 441
 460
 470
 463
 519
 377
 465
 477
 460
 447
 466
 458
 459
 472
 487
 499
 513
 384
 456
 448
 467
 450
 449
 464
 481
 445
 458
 505
 489
 428
 483
 444
 440
 458
 477
 494
 450
 451
 498
 458
 424
 464
 505
 464
 427
 441
 483
 442
 452
 466
 507
 469
 435
 486
 526
 408
 499
 422
 465
 453
 450
 491
 453
 511
 434
 441
 512
 429
 442
 450
 474
 496
 440
 495
 444
 541
 509
 373
 484
 454
 601
 389
 441
 489
 482
 464
 482
 467
 477
 469
 467
 460
 481
 479
 447
 482
 425
 454
 484
 452
 454
 444
 487
 482
 437
 449
 459
 460
 456
 453
 465
 458
 456
 461
 459
 457
 457
 457
 461
 465
 452
 468
 447
 454
 454
 457
 459
 461
 464
 466
 487
 457
 467
 477
 483
 479
 481
 486
 489
 488
 488
 487
 492
 491
 493
 497
 494
 496
 498
 505
 490
 495
 497
 498
 499
 499
 500
 501
 501
 510
 514
 501
 506
 508
 500
 509
 513
 500
 506
 507
 508
 513
 513
 504
 519
 510
 499
 504
 507
 509
 510
 512
 512
 513
 513
 514
 515
 516
 519
 520
 525
 520
 535
 512
 521
 529
 534
 538
 542
 547
 551
 550
 548
 548
 549
 550
 548
 547
 546
 545
 546
 546
 546
 546
 547
 547
 547
 546
 546
 545
 545
 544
 544
 545
 549
 542
 545
 539
 540
 540
 540
 539
 537
 535
 534
 533
 531
 529
 527
 543
 515
 508
 515
 513
 512
 511
 502
 499
 531
 497
 480
 491
 499
 519
 500
 464
 486
 500
 489
 471
 491
 527
 450
 470
 490
 469
 471
 475
 476
 508
 468
 456
 469
 490
 488
 453
 465
 466
 481
 477
 453
 472
 503
 488
 423
 517
 483
 434
 500
 452
 421
 528
 520
 458
 490
 445
 469
 500
 450
 390
 449
 506
 508
 410
 436
 453
 500
 478
 435
 482
 510
 398
 461
 491
 493
 406
 463
 469
 420
 447
 474
 460
 513
 398
 446
 465
 494
 417
 423
 467
 450
 448
 448
 451
 453
 458
 455
 445
 471
 451
 440
 449
 457
 451
 452
 456
 456
 459
 457
 458
 462
 464
 461
 450
 459
 465
 461
 467
 469
 471
 472
 473
 474
 476
 474
 475
 482
 481
 471
 477
 480
 484
 479
 480
 482
 480
 483
 482
 485
 504
 472
 478
 481
 484
 486
 481
 480
 483
 483
 484
 486
 484
 501
 482
 476
 478
 482
 484
 482
 482
 484
 483
 483
 483
 484
 483
 483
 483
 485
 491
 487
 473
 480
 484
 484
 483
 484
 484
 486
 486
 482
 489
 496
 473
 482
 487
 485
 484
 486
 485
 486
 486
 486
 486
 486
 486
 486
 487
 486
 486
 486
 487
 487
 487
 487
 488
 487
 487
 487
 487
 487
 488
 488
 488
 488
 488
 489
 489
 489
 490
 489
 489
 489
 490
 490
 490
 490
 490
 490
 490
 491
 491
 491
 491
 492
 492
 492
 492
 493
 494
 494
 495
 495
 496
 497
 498
 499
 500
 501
 502
 503
 504
 505
 507
 508
 509
 510
 510
 512
 511
 510
 510
 508
 507
 506
 505
 505
 504
 503
 502
 502
 502
 501
 500
 499
 499
 499
 497
 496
 495
 493
 492
 491
 490
 489
 488
 488
 488
 487
 487
 487
 487
 487
 487
 487
 487
 487
 487
 487
 487
 487
 487
 487
 487
 487
 487
 487
 487
 487
 487
 487
 487
 487
 487
 487
 487
 487
 487
 487
 487
 487
 487
 487
 487
 487
 487
 487
 487
 488
 488
 488
 488
 488
 488
 488
 488
 488
 487
 487
 488
 488
 488
 488
 487
 487
 488
 488
 488
 488
 488
 488
 488
 488
 488
 488
 488
 488
 488
 488
 488
 488
 488
 487
 488
 488
 488
 489
 489
 488
 488
 489
 488
 488
 488
 488
 488
 489
 489
 489
 489
 488
 489
 489
 489
 489
 489
 489
 489
 489
 489
 489
 489
 489
 489
 489
 489
 489
 489
 489
 489
 489
 489
 489
 489
 490
 490
 491
 491
 491
 492
 492
 493
 495
 496
 498
 501
 503
 505
 508
 511
 513
 516
 519
 520
 520
 520
 519
 517
 516
 515
 513
 512
 510
 509
 507
 506
 505
 503

