 492
 492
 492
 492
 492
 492
 492
 492
 492
 492
 492
 492
 492
 492
 492
 492
 492
 492
 492
 492
 492
 492
 492
 492
 492
 491
 492
 492
 492
 492
 492
 492
 492
 492
 492
 492
 492
 492
 492
 492
 492
 491
 492
 492
 492
 492
 491
 492
 492
 492
 492
 492
 492
 492
 492
 492
 492
 492
 492
 492
 492
 492
 492
 492
 492
 492
 492
 492
 492
 492
 492
 492
 493
 492
 492
 492
 492
 492
 492
 492
 492
 492
 492
 492
 492
 492
 492
 492
 493
 492
 492
 492
 492
 492
 493
 493
 492
 493
 492
 492
 492
 493
 492
 493
 493
 493
 493
 494
 492
 493
 493
 493
 494
 494
 495
 492
 497
 496
 497
 515
 506
 503
 532
 494
 506
 481
 512
 517
 487
 504
 548
 514
 485
 495
 535
 496
 490
 483
 517
 499
 494
 494
 501
 498
 491
 493
 505
 493
 484
 490
 493
 491
 490
 485
 490
 481
 485
 486
 487
 488
 487
 487
 487
 487
 487
 487
 487
 487
 487
 487
 487
 487
 487
 487
 487
 487
 487
 487
 488
 487
 487
 487
 487
 487
 488
 487
 488
 488
 488
 488
 488
 488
 488
 488
 488
 488
 488
 489
 489
 489
 489
 488
 489
 489
 489
 489
 489
 489
 489
 489
 489
 489
 489
 489
 489
 489
 489
 489
 490
 489
 489
 490
 490
 490
 490
 490
 490
 490
 490
 490
 490
 490
 490
 490
 490
 490
 490
 490
 490
 491
 490
 490
 491
 490
 491
 490
 490
 490
 490
 490
 491
 491
 490
 491
 491
 491
 491
 490
 491
 491
 491
 491
 491
 491
 491
 491
 491
 491
 491
 491
 491
 491
 491
 491
 491
 491
 491
 491
 491
 491
 491
 491
 491
 491
 491
 491
 492
 491
 493
 492
 493
 492
 497
 495
 486
 490
 512
 508
 488
 510
 523
 529
 486
 478
 501
 536
 585
 418
 498
 494
 513
 513
 519
 479
 525
 559
 473
 473
 515
 490
 489
 492
 496
 507
 492
 497
 495
 511
 508
 491
 476
 484
 490
 492
 493
 492
 490
 488
 488
 487
 486
 487
 486
 486
 486
 486
 485
 486
 486
 485
 486
 486
 486
 485
 486
 496
 491
 494
 475
 480
 486
 484
 486
 487
 487
 487
 487
 487
 487
 487
 487
 487
 487
 487
 487
 487
 487
 488
 488
 488
 487
 487
 488
 488
 488
 488
 488
 488
 488
 488
 488
 488
 489
 488
 489
 489
 489
 489
 489
 489
 489
 489
 489
 489
 489
 490
 489
 489
 490
 490
 490
 490
 490
 490
 490
 490
 490
 490
 490
 490
 490
 490
 490
 490
 490
 491
 491
 490
 491
 491
 491
 491
 491
 491
 491
 491
 491
 491
 491
 491
 491
 491
 491
 491
 491
 492
 492
 491
 491
 492
 491
 492
 492
 492
 492
 492
 492
 492
 492
 492
 491
 492
 492
 492
 492
 492
 492
 492
 492
 492
 492
 492
 492
 492
 492
 492
 492
 492
 493
 492
 493
 493
 493
 493
 494
 495
 493
 497
 502
 507
 527
 511
 535
 531
 496
 514
 517
 524
 479
 481
 496
 546
 501
 489
 516
 527
 496
 475
 532
 537
 471
 485
 559
 462
 490
 505
 495
 490
 510
 499
 536
 470
 493
 485
 490
 489
 492
 491
 498
 489
 488
 495
 488
 490
 480
 487
 501
 489
 478
 480
 484
 485
 488
 486
 486
 485
 486
 486
 486
 486
 486
 486
 486
 486
 486
 486
 485
 486
 486
 486
 486
 486
 486
 486
 486
 486
 486
 486
 487
 487
 486
 487
 487
 487
 487
 487
 487
 487
 487
 487
 487
 487
 487
 488
 488
 488
 487
 488
 488
 488
 489
 488
 489
 488
 489
 489
 488
 488
 489
 489
 489
 489
 489
 489
 489
 490
 490
 489
 489
 490
 490
 490
 489
 490
 489
 490
 490
 490
 490
 490
 490
 490
 490
 490
 490
 491
 490
 491
 490
 490
 491
 491
 491
 491
 491
 491
 491
 491
 491
 491
 491
 491
 491
 491
 491
 491
 491
 492
 492
 491
 491
 492
 492
 492
 491
 492
 492
 492
 492
 492
 492
 492
 492
 492
 492
 492
 492
 492
 492
 492
 492
 492
 492
 492
 493
 493
 492
 492
 493
 493
 493
 493
 493
 493
 493
 494
 493
 493
 493
 493
 493
 494
 493
 494
 494
 494
 496
 496
 495
 496
 493
 493
 503
 493
 493
 502
 500
 504
 512
 535
 495
 519
 510
 487
 513
 521
 572
 499
 490
 603
 503
 473
 560
 442
 499
 491
 504
 540
 529
 489
 512
 518
 447
 492
 523
 485
 473
 502
 581
 448
 470
 501
 504
 569
 437
 514
 478
 491
 491
 486
 544
 483
 484
 516
 482
 486
 516
 474
 502
 487
 478
 495
 484
 498
 479
 488
 485
 491
 492
 484
 484
 488
 486
 496
 479
 476
 484
 483
 484
 485
 485
 484
 485
 484
 484
 484
 484
 484
 484
 484
 484
 485
 484
 484
 485
 484
 485
 485
 485
 485
 485
 485
 486
 485
 485
 485
 486
 486
 486
 486
 486
 486
 486
 486
 487
 487
 487
 487
 487
 487
 487
 487
 487
 487
 487
 487
 487
 487
 487
 487
 487
 488
 488
 488
 488
 488
 488
 488
 488
 488
 489
 488
 488
 488
 488
 489
 489
 489
 489
 489
 488
 488
 489
 489
 489
 489
 489
 489
 489
 489
 489
 489
 490
 489
 489
 489
 490
 489
 489
 490
 490
 490
 490
 490
 490
 490
 490
 489
 490
 490
 490
 490
 490
 490
 490
 490
 490
 490
 490
 490
 490
 490
 490
 490
 490
 490
 490
 491
 491
 491
 490
 490
 490
 491
 490
 490
 491
 490
 491
 491
 491
 490
 491
 491
 491
 491
 491
 491
 491
 491
 491
 491
 491
 491
 491
 490
 491
 491
 491
 491
 491
 491
 491
 491
 491
 491
 491
 491
 491
 491
 491
 491
 491
 491
 491
 491
 491
 491
 491
 491
 491
 491
 491
 491
 491
 491
 491
 491
 492
 491
 491
 491
 491
 491
 491
 491
 491
 491
 491
 491
 491
 491
 491
 491
 491
 491
 491
 491
 491
 491
 491
 491
 491
 491
 491
 491
 491


